42657a6965724375727665456469746f722046696c65
1253
0 25 69
1 303 87
2 224 47
3 25 78
4 303 96
5 224 56
6 25 86
7 303 104
8 224 64
9 25 93
10 303 111
11 224 71
12 25 99
13 303 117
14 224 77
15 25 105
16 303 123
17 224 83
18 25 112
19 303 130
20 224 90
21 25 118
22 303 136
23 224 96
24 25 124
25 303 142
26 224 102
27 25 132
28 303 150
29 224 110
30 25 139
31 303 157
32 224 117
33 25 150
34 303 168
35 224 128
36 25 162
37 303 180
38 224 140
39 25 167
40 303 185
41 224 145
42 25 173
43 303 191
44 224 151
45 25 179
46 303 197
47 224 157
48 25 185
49 303 203
50 224 163
51 25 191
52 303 209
53 224 169
54 25 199
55 303 217
56 224 177
57 25 205
58 303 223
59 224 183
60 25 209
61 303 227
62 224 187
63 25 213
64 303 231
65 224 191
66 25 219
67 303 237
68 224 197
69 25 224
70 303 242
71 224 202
72 25 227
73 303 245
74 224 205
75 25 232
76 303 250
77 224 210
78 25 236
79 303 254
80 224 214
81 25 239
82 303 257
83 224 217
84 25 243
85 303 261
86 224 221
87 25 245
88 303 263
89 224 223
90 25 250
91 303 268
92 224 228
93 25 255
94 303 273
95 224 233
96 25 258
97 303 276
98 224 236
99 25 261
100 303 279
101 224 239
102 25 265
103 303 283
104 224 243
105 25 273
106 303 291
107 224 251
108 25 277
109 303 295
110 224 255
111 25 284
112 303 302
113 224 262
114 25 289
115 303 307
116 224 267
117 25 296
118 303 314
119 224 274
120 25 301
121 303 319
122 224 279
123 25 305
124 303 323
125 224 283
126 25 310
127 303 328
128 224 288
129 25 314
130 303 332
131 224 292
132 25 318
133 303 336
134 224 296
135 25 319
136 303 337
137 224 297
138 25 326
139 303 344
140 224 304
141 25 332
142 303 350
143 224 310
144 25 336
145 303 354
146 224 314
147 25 343
148 303 361
149 224 321
150 25 350
151 303 368
152 224 328
153 25 358
154 303 376
155 224 336
156 24 369
157 302 387
158 223 347
159 24 380
160 302 398
161 223 358
162 24 390
163 302 408
164 223 368
165 24 396
166 302 414
167 223 374
168 24 405
169 302 423
170 223 383
171 24 410
172 302 428
173 223 388
174 24 415
175 302 433
176 223 393
177 24 425
178 302 443
179 223 403
180 24 431
181 302 449
182 223 409
183 24 435
184 302 453
185 223 413
186 24 440
187 302 458
188 223 418
189 24 446
190 302 464
191 223 424
192 24 450
193 302 468
194 223 428
195 24 454
196 302 472
197 223 432
198 22 457
199 300 475
200 221 435
201 21 471
202 299 489
203 220 449
204 21 480
205 299 498
206 220 458
207 21 494
208 299 512
209 220 472
210 21 504
211 299 522
212 220 482
213 21 511
214 299 529
215 220 489
216 20 521
217 298 539
218 219 499
219 16 571
220 294 589
221 215 549
222 16 563
223 294 581
224 215 541
225 16 556
226 294 574
227 215 534
228 16 548
229 294 566
230 215 526
231 16 540
232 294 558
233 215 518
234 16 535
235 294 553
236 215 513
237 18 528
238 296 546
239 217 506
240 20 521
241 298 539
242 219 499
243 21 506
244 299 524
245 220 484
246 23 497
247 301 515
248 222 475
249 25 489
250 303 507
251 224 467
252 26 478
253 304 496
254 225 456
255 26 473
256 304 491
257 225 451
258 26 468
259 304 486
260 225 446
261 25 465
262 303 483
263 224 443
264 24 460
265 302 478
266 223 438
267 23 448
268 301 466
269 222 426
270 23 436
271 301 454
272 222 414
273 23 424
274 301 442
275 222 402
276 23 416
277 301 434
278 222 394
279 23 410
280 301 428
281 222 388
282 23 405
283 301 423
284 222 383
285 23 398
286 301 416
287 222 376
288 23 391
289 301 409
290 222 369
291 23 383
292 301 401
293 222 361
294 23 375
295 301 393
296 222 353
297 23 366
298 301 384
299 222 344
300 23 355
301 301 373
302 222 333
303 23 350
304 301 368
305 222 328
306 23 344
307 301 362
308 222 322
309 23 337
310 301 355
311 222 315
312 23 333
313 301 351
314 222 311
315 23 320
316 301 338
317 222 298
318 23 297
319 301 315
320 222 275
321 23 282
322 301 300
323 222 260
324 23 275
325 301 293
326 222 253
327 23 271
328 301 289
329 222 249
330 25 262
331 303 280
332 224 240
333 25 257
334 303 275
335 224 235
336 25 244
337 303 262
338 224 222
339 25 226
340 303 244
341 224 204
342 25 213
343 303 231
344 224 191
345 25 193
346 303 211
347 224 171
348 25 183
349 303 201
350 224 161
351 25 171
352 303 189
353 224 149
354 25 163
355 303 181
356 224 141
357 26 156
358 304 174
359 225 134
360 26 148
361 304 166
362 225 126
363 26 145
364 304 163
365 225 123
366 26 138
367 304 156
368 225 116
369 26 130
370 304 148
371 225 108
372 26 121
373 304 139
374 225 99
375 26 109
376 304 127
377 225 87
378 30 94
379 308 112
380 229 72
381 30 82
382 308 100
383 229 60
384 30 70
385 308 88
386 229 48
387 27 62
388 305 80
389 226 40
390 26 54
391 304 72
392 225 32
393 25 47
394 303 65
395 224 25
396 25 38
397 303 56
398 224 16
399 332.301 646.912
400 546.276 547.008
401 433.807 804.104
402 332.301 635.912
403 546.276 536.008
404 433.807 793.104
405 332.301 629.912
406 546.276 530.008
407 433.807 787.104
408 332.301 622.912
409 546.276 523.008
410 433.807 780.104
411 332.301 614.912
412 546.276 515.008
413 433.807 772.104
414 332.301 604.912
415 546.276 505.008
416 433.807 762.104
417 332.301 596.912
418 546.276 497.008
419 433.807 754.104
420 332.301 588.912
421 546.276 489.008
422 433.807 746.104
423 332.301 579.912
424 546.276 480.008
425 433.807 737.104
426 332.301 568.912
427 546.276 469.008
428 433.807 726.104
429 332.301 556.912
430 546.276 457.008
431 433.807 714.104
432 332.301 544.912
433 546.276 445.008
434 433.807 702.104
435 332.301 533.912
436 546.276 434.008
437 433.807 691.104
438 332.301 519.912
439 546.276 420.008
440 433.807 677.104
441 332.301 505.912
442 546.276 406.008
443 433.807 663.104
444 332.301 488.912
445 546.276 389.008
446 433.807 646.104
447 332.301 474.912
448 546.276 375.008
449 433.807 632.104
450 332.301 465.912
451 546.276 366.008
452 433.807 623.104
453 332.301 451.912
454 546.276 352.008
455 433.807 609.104
456 332.301 443.912
457 546.276 344.008
458 433.807 601.104
459 332.301 432.912
460 546.276 333.008
461 433.807 590.104
462 332.301 424.912
463 546.276 325.008
464 433.807 582.104
465 332.301 417.912
466 546.276 318.008
467 433.807 575.104
468 332.301 407.912
469 546.276 308.008
470 433.807 565.104
471 332.301 398.912
472 546.276 299.008
473 433.807 556.104
474 332.301 389.912
475 546.276 290.008
476 433.807 547.104
477 332.301 381.912
478 546.276 282.008
479 433.807 539.104
480 332.301 377.912
481 546.276 278.008
482 433.807 535.104
483 332.301 373.912
484 546.276 274.008
485 433.807 531.104
486 332.301 363.912
487 546.276 264.008
488 433.807 521.104
489 332.301 357.912
490 546.276 258.008
491 433.807 515.104
492 332.301 356.912
493 546.276 257.008
494 433.807 514.104
495 331.301 344.912
496 545.276 245.008
497 432.807 502.104
498 331.301 334.912
499 545.276 235.008
500 432.807 492.104
501 331.301 327.912
502 545.276 228.008
503 432.807 485.104
504 331.301 319.912
505 545.276 220.008
506 432.807 477.104
507 331.301 310.912
508 545.276 211.008
509 432.807 468.104
510 331.301 298.912
511 545.276 199.008
512 432.807 456.104
513 331.301 291.912
514 545.276 192.008
515 432.807 449.104
516 331.301 277.912
517 545.276 178.008
518 432.807 435.104
519 331.301 271.912
520 545.276 172.008
521 432.807 429.104
522 331.301 266.912
523 545.276 167.008
524 432.807 424.104
525 331.301 254.912
526 545.276 155.008
527 432.807 412.104
528 331.301 240.912
529 545.276 141.008
530 432.807 398.104
531 331.301 232.912
532 545.276 133.008
533 432.807 390.104
534 331.301 220.912
535 545.276 121.008
536 432.807 378.104
537 331.301 206.912
538 545.276 107.008
539 432.807 364.104
540 331.301 195.912
541 545.276 96.0083
542 432.807 353.104
543 331.301 185.912
544 545.276 86.0083
545 432.807 343.104
546 331.301 175.912
547 545.276 76.0083
548 432.807 333.104
549 331.301 166.912
550 545.276 67.0083
551 432.807 324.104
552 330.301 152.912
553 544.276 53.0083
554 431.807 310.104
555 330.301 144.912
556 544.276 45.0083
557 431.807 302.104
558 330.301 132.912
559 544.276 33.0083
560 431.807 290.104
561 329.301 122.912
562 543.276 23.0083
563 430.807 280.104
564 329.301 116.912
565 543.276 17.0083
566 430.807 274.104
567 329.301 132.912
568 543.276 33.0083
569 430.807 290.104
570 329.301 140.912
571 543.276 41.0083
572 430.807 298.104
573 329.301 146.912
574 543.276 47.0083
575 430.807 304.104
576 329.301 151.912
577 543.276 52.0083
578 430.807 309.104
579 329.301 154.912
580 543.276 55.0083
581 430.807 312.104
582 329.301 159.912
583 543.276 60.0083
584 430.807 317.104
585 329.301 164.912
586 543.276 65.0083
587 430.807 322.104
588 329.301 172.912
589 543.276 73.0083
590 430.807 330.104
591 329.301 178.912
592 543.276 79.0083
593 430.807 336.104
594 330.301 183.912
595 544.276 84.0083
596 431.807 341.104
597 331.301 187.912
598 545.276 88.0083
599 432.807 345.104
600 332.301 193.912
601 546.276 94.0083
602 433.807 351.104
603 332.301 196.912
604 546.276 97.0083
605 433.807 354.104
606 332.301 197.912
607 546.276 98.0083
608 433.807 355.104
609 332.301 198.912
610 546.276 99.0083
611 433.807 356.104
612 332.301 198.912
613 546.276 99.0083
614 433.807 356.104
615 330.301 210.912
616 544.276 111.008
617 431.807 368.104
618 331.301 219.912
619 545.276 120.008
620 432.807 377.104
621 333.301 225.912
622 547.276 126.008
623 434.807 383.104
624 334.301 233.912
625 548.276 134.008
626 435.807 391.104
627 334.301 244.912
628 548.276 145.008
629 435.807 402.104
630 334.301 252.912
631 548.276 153.008
632 435.807 410.104
633 334.301 261.912
634 548.276 162.008
635 435.807 419.104
636 334.301 275.912
637 548.276 176.008
638 435.807 433.104
639 334.301 284.912
640 548.276 185.008
641 435.807 442.104
642 334.301 291.912
643 548.276 192.008
644 435.807 449.104
645 334.301 300.912
646 548.276 201.008
647 435.807 458.104
648 334.301 320.912
649 548.276 221.008
650 435.807 478.104
651 334.301 333.912
652 548.276 234.008
653 435.807 491.104
654 334.301 344.912
655 548.276 245.008
656 435.807 502.104
657 334.301 360.912
658 548.276 261.008
659 435.807 518.104
660 334.301 376.912
661 548.276 277.008
662 435.807 534.104
663 334.301 388.912
664 548.276 289.008
665 435.807 546.104
666 334.301 399.912
667 548.276 300.008
668 435.807 557.104
669 334.301 410.912
670 548.276 311.008
671 435.807 568.104
672 334.301 418.912
673 548.276 319.008
674 435.807 576.104
675 334.301 432.912
676 548.276 333.008
677 435.807 590.104
678 333.301 445.912
679 547.276 346.008
680 434.807 603.104
681 333.301 458.912
682 547.276 359.008
683 434.807 616.104
684 333.301 468.912
685 547.276 369.008
686 434.807 626.104
687 333.301 483.912
688 547.276 384.008
689 434.807 641.104
690 333.301 498.912
691 547.276 399.008
692 434.807 656.104
693 333.301 504.912
694 547.276 405.008
695 434.807 662.104
696 332.301 513.912
697 546.276 414.008
698 433.807 671.104
699 332.301 517.912
700 546.276 418.008
701 433.807 675.104
702 331.301 520.912
703 545.276 421.008
704 432.807 678.104
705 331.301 525.912
706 545.276 426.008
707 432.807 683.104
708 570.964 52.8691
709 1550.02 306.33
710 970.939 651.959
711 570.964 52.8691
712 1550.02 306.33
713 970.939 651.959
714 570.964 56.8691
715 1550.02 310.33
716 970.939 655.959
717 570.964 60.8691
718 1550.02 314.33
719 970.939 659.959
720 570.964 65.8691
721 1550.02 319.33
722 970.939 664.959
723 570.964 68.8691
724 1550.02 322.33
725 970.939 667.959
726 570.964 75.8691
727 1550.02 329.33
728 970.939 674.959
729 570.964 80.8691
730 1550.02 334.33
731 970.939 679.959
732 570.964 84.8691
733 1550.02 338.33
734 570.964 88.8691
735 1550.02 342.33
736 970.939 687.959
737 570.964 90.8691
738 1550.02 344.33
739 970.939 689.959
740 570.964 96.8691
741 1550.02 350.33
742 970.939 695.959
743 570.964 100.869
744 1550.02 354.33
745 970.939 699.959
746 570.964 103.869
747 1550.02 357.33
748 970.939 702.959
749 570.964 106.869
750 1550.02 360.33
751 970.939 705.959
752 570.964 111.869
753 1550.02 365.33
754 970.939 710.959
755 570.964 114.869
756 1550.02 368.33
757 970.939 713.959
758 570.964 120.869
759 1550.02 374.33
760 970.939 719.959
761 570.964 125.869
762 1550.02 379.33
763 970.939 724.959
764 570.964 129.869
765 1550.02 383.33
766 970.939 728.959
767 570.964 133.869
768 1550.02 387.33
769 970.939 732.959
770 570.964 140.869
771 1550.02 394.33
772 970.939 739.959
773 570.964 145.869
774 1550.02 399.33
775 970.939 744.959
776 570.964 148.869
777 1550.02 402.33
778 970.939 747.959
779 570.964 151.869
780 1550.02 405.33
781 970.939 750.959
782 568.964 156.869
783 1548.02 410.33
784 968.939 755.959
785 568.964 158.869
786 1548.02 412.33
787 968.939 757.959
788 568.964 166.869
789 1548.02 420.33
790 968.939 765.959
791 568.964 170.869
792 1548.02 424.33
793 968.939 769.959
794 569.964 174.869
795 1549.02 428.33
796 969.939 773.959
797 570.964 178.869
798 1550.02 432.33
799 970.939 777.959
800 571.964 181.869
801 1551.02 435.33
802 971.939 780.959
803 571.964 185.869
804 1551.02 439.33
805 971.939 784.959
806 571.964 185.869
807 1551.02 439.33
808 971.939 784.959
809 571.964 190.869
810 1551.02 444.33
811 971.939 789.959
812 571.964 196.869
813 1551.02 450.33
814 971.939 795.959
815 572.964 201.869
816 1552.02 455.33
817 972.939 800.959
818 572.964 205.869
819 1552.02 459.33
820 972.939 804.959
821 572.964 212.869
822 1552.02 466.33
823 972.939 811.959
824 572.964 217.869
825 1552.02 471.33
826 972.939 816.959
827 572.964 223.869
828 1552.02 477.33
829 972.939 822.959
830 572.964 227.869
831 1552.02 481.33
832 972.939 826.959
833 572.964 231.869
834 1552.02 485.33
835 972.939 830.959
836 572.964 234.869
837 1552.02 488.33
838 972.939 833.959
839 572.964 239.869
840 1552.02 493.33
841 972.939 838.959
842 572.964 243.869
843 1552.02 497.33
844 972.939 842.959
845 572.964 246.869
846 1552.02 500.33
847 972.939 845.959
848 572.964 254.869
849 1552.02 508.33
850 972.939 853.959
851 572.964 257.869
852 1552.02 511.33
853 972.939 856.959
854 572.964 261.869
855 1552.02 515.33
856 972.939 860.959
857 572.964 268.869
858 1552.02 522.33
859 972.939 867.959
860 572.964 272.869
861 1552.02 526.33
862 972.939 871.959
863 572.964 276.869
864 1552.02 530.33
865 972.939 875.959
866 572.964 279.869
867 1552.02 533.33
868 972.939 878.959
869 572.964 283.869
870 1552.02 537.33
871 972.939 882.959
872 572.964 285.869
873 1552.02 539.33
874 972.939 884.959
875 572.964 291.869
876 1552.02 545.33
877 972.939 890.959
878 572.964 297.869
879 1552.02 551.33
880 972.939 896.959
881 572.964 303.869
882 1552.02 557.33
883 972.939 902.959
884 572.964 311.869
885 1552.02 565.33
886 972.939 910.959
887 572.964 317.869
888 1552.02 571.33
889 972.939 916.959
890 572.964 323.869
891 1552.02 577.33
892 972.939 922.959
893 572.964 329.869
894 1552.02 583.33
895 972.939 928.959
896 572.964 333.869
897 1552.02 587.33
898 972.939 932.959
899 572.964 340.869
900 1552.02 594.33
901 972.939 939.959
902 571.964 345.869
903 1551.02 599.33
904 971.939 944.959
905 571.964 347.869
906 1551.02 601.33
907 971.939 946.959
908 571.964 354.869
909 1551.02 608.33
910 971.939 953.959
911 571.964 361.869
912 1551.02 615.33
913 971.939 960.959
914 571.964 364.869
915 1551.02 618.33
916 971.939 963.959
917 570.964 367.869
918 1550.02 621.33
919 970.939 966.959
920 570.964 372.869
921 1550.02 626.33
922 970.939 971.959
923 570.964 377.869
924 1550.02 631.33
925 970.939 976.959
926 570.964 383.869
927 1550.02 637.33
928 970.939 982.959
929 570.964 386.869
930 1550.02 640.33
931 970.939 985.959
932 570.964 390.869
933 1550.02 644.33
934 970.939 989.959
935 570.964 394.869
936 1550.02 648.33
937 970.939 993.959
938 570.964 400.869
939 1550.02 654.33
940 970.939 999.959
941 570.964 405.869
942 1550.02 659.33
943 970.939 1004.96
944 570.964 408.869
945 1550.02 662.33
946 970.939 1007.96
947 570.964 414.869
948 1550.02 668.33
949 970.939 1013.96
950 570.964 421.869
951 1550.02 675.33
952 970.939 1020.96
953 570.964 423.869
954 1550.02 677.33
955 970.939 1022.96
956 569.964 432.869
957 1549.02 686.33
958 969.939 1031.96
959 568.964 440.869
960 1548.02 694.33
961 968.939 1039.96
962 568.964 445.869
963 1548.02 699.33
964 968.939 1044.96
965 567.964 451.869
966 1547.02 705.33
967 967.939 1050.96
968 567.964 457.869
969 1547.02 711.33
970 967.939 1056.96
971 567.964 461.869
972 1547.02 715.33
973 967.939 1060.96
974 568.964 462.869
975 1548.02 716.33
976 968.939 1061.96
977 567.964 471.869
978 1547.02 725.33
979 967.939 1070.96
980 567.964 474.869
981 1547.02 728.33
982 967.939 1073.96
983 566.964 480.869
984 1546.02 734.33
985 966.939 1079.96
986 565.964 490.869
987 1545.02 744.33
988 965.939 1089.96
989 565.964 498.869
990 1545.02 752.33
991 965.939 1097.96
992 565.964 512.869
993 1545.02 766.33
994 965.939 1111.96
995 565.964 517.869
996 1545.02 771.33
997 965.939 1116.96
998 564.964 528.869
999 1544.02 782.33
1000 964.939 1127.96
1001 564.964 533.869
1002 1544.02 787.33
1003 964.939 1132.96
1004 564.964 542.869
1005 1544.02 796.33
1006 964.939 1141.96
1007 564.964 554.869
1008 1544.02 808.33
1009 964.939 1153.96
1010 564.964 563.869
1011 1544.02 817.33
1012 964.939 1162.96
1013 564.964 571.869
1014 1544.02 825.33
1015 964.939 1170.96
1016 564.964 576.869
1017 1544.02 830.33
1018 964.939 1175.96
1019 562.964 525.869
1020 1542.02 779.33
1021 962.939 1124.96
1022 562.964 511.869
1023 1542.02 765.33
1024 962.939 1110.96
1025 562.964 506.869
1026 1542.02 760.33
1027 962.939 1105.96
1028 565.964 502.869
1029 1545.02 756.33
1030 965.939 1101.96
1031 565.964 501.869
1032 1545.02 755.33
1033 965.939 1100.96
1034 566.964 484.869
1035 1546.02 738.33
1036 966.939 1083.96
1037 566.964 483.869
1038 1546.02 737.33
1039 966.939 1082.96
1040 566.964 478.869
1041 1546.02 732.33
1042 966.939 1077.96
1043 566.964 463.869
1044 1546.02 717.33
1045 966.939 1062.96
1046 566.964 457.869
1047 1546.02 711.33
1048 966.939 1056.96
1049 563.964 457.869
1050 1543.02 711.33
1051 963.939 1056.96
1052 565.964 444.869
1053 1545.02 698.33
1054 965.939 1043.96
1055 566.964 433.869
1056 1546.02 687.33
1057 966.939 1032.96
1058 567.964 420.869
1059 1547.02 674.33
1060 967.939 1019.96
1061 567.964 410.869
1062 1547.02 664.33
1063 967.939 1009.96
1064 568.964 397.869
1065 1548.02 651.33
1066 968.939 996.959
1067 571.964 388.869
1068 1551.02 642.33
1069 971.939 987.959
1070 564.964 16.8691
1071 1544.02 270.33
1072 964.939 615.959
1073 563.964 19.8691
1074 1543.02 273.33
1075 963.939 618.959
1076 562.964 25.8691
1077 1542.02 279.33
1078 962.939 624.959
1079 563.964 31.8691
1080 1543.02 285.33
1081 963.939 630.959
1082 566.964 36.8691
1083 1546.02 290.33
1084 966.939 635.959
1085 567.964 40.8691
1086 1547.02 294.33
1087 967.939 639.959
1088 569.964 44.8691
1089 1549.02 298.33
1090 969.939 643.959
1091 569.964 44.8691
1092 1549.02 298.33
1093 969.939 643.959
1094 29.1073 881.348
1095 1463.8 39.553
1096 79.1073 881.348
1097 34.686 917.61
1098 1469.38 75.815
1099 638.764 625.179
1100 34.686 948.293
1101 1469.38 106.498
1102 638.764 655.863
1103 34.686 962.24
1104 1469.38 120.445
1105 638.764 669.809
1106 34.686 973.398
1107 1469.38 131.603
1108 638.764 680.967
1109 37.4755 978.977
1110 1472.17 137.182
1111 641.554 686.546
1112 37.4755 981.766
1113 1472.17 139.971
1114 641.554 689.335
1115 37.4755 990.134
1116 1472.17 148.339
1117 641.554 697.703
1118 37.4755 992.924
1119 1472.17 151.128
1120 641.554 700.493
1121 37.4755 992.924
1122 1472.17 151.128
1123 641.554 700.493
1124 37.4755 998.502
1125 1472.17 156.707
1126 641.554 706.071
1127 37.4755 1006.87
1128 1472.17 165.075
1129 641.554 714.44
1130 37.4755 1012.45
1131 1472.17 170.654
1132 641.554 720.018
1133 37.4755 1012.45
1134 1472.17 170.654
1135 641.554 720.018
1136 37.4755 1018.03
1137 1472.17 176.233
1138 641.554 725.597
1139 37.4755 1023.61
1140 1472.17 181.812
1141 641.554 731.176
1142 37.4755 1034.76
1143 1472.17 192.969
1144 641.554 742.334
1145 37.4755 1040.34
1146 1472.17 198.548
1147 641.554 747.912
1148 37.4755 1037.55
1149 1472.17 195.759
1150 641.554 745.123
1151 37.4755 1006.87
1152 1472.17 165.075
1153 641.554 714.44
1154 37.4755 984.555
1155 1472.17 142.76
1156 641.554 692.125
1157 40.2649 953.872
1158 1474.96 112.077
1159 644.343 661.441
1160 40.2649 928.768
1161 1474.96 86.9726
1162 644.343 636.337
1163 40.2649 920.4
1164 1474.96 78.6044
1165 644.343 627.969
1166 37.4755 900.874
1167 1472.17 59.0787
1168 641.554 608.443
1169 34.686 895.295
1170 1469.38 53.5
1171 638.764 602.864
1172 35.5276 933.913
1173 1470.22 92.1178
1174 639.606 641.482
1175 35.5276 939.082
1176 1470.22 97.287
1177 639.606 646.651
1178 35.5276 939.082
1179 1470.22 97.287
1180 639.606 646.651
1181 35.5276 927.451
1182 1470.22 85.6563
1183 639.606 635.021
1184 35.5276 917.113
1185 1470.22 75.3179
1186 639.606 624.682
1187 35.5276 908.067
1188 1470.22 66.2718
1189 639.606 615.636
1190 35.5276 896.436
1191 1470.22 54.6411
1192 639.606 604.005
1193 32.943 883.513
1194 1467.64 41.7181
1195 637.021 591.082
1196 30.3584 880.929
1197 1465.05 39.1335
1198 634.436 588.498
1199 34.2353 1046.34
1200 1468.93 204.548
1201 638.313 753.912
1202 35.5276 1052.8
1203 1470.22 211.009
1204 639.606 760.373
1205 36.8199 1060.56
1206 1471.51 218.763
1207 640.898 768.127
1208 36.8199 1069.6
1209 1471.51 227.809
1210 640.898 777.173
1211 36.8199 1077.36
1212 1471.51 235.563
1213 640.898 784.927
1214 39.4045 1083.82
1215 1474.1 242.024
1216 643.483 791.389
1217 39.4045 1094.16
1218 1474.1 252.363
1219 643.483 801.727
1220 39.4045 1109.67
1221 1474.1 267.87
1222 643.483 817.235
1223 39.4045 1121.3
1224 1474.1 279.501
1225 643.483 828.865
1226 39.4045 1132.93
1227 1474.1 291.132
1228 643.483 840.496
1229 39.4045 1139.39
1230 1474.1 297.593
1231 643.483 846.958
1232 39.4045 1145.85
1233 1474.1 304.055
1234 643.483 853.419
1235 39.4045 1154.9
1236 1474.1 313.101
1237 643.483 862.465
1238 39.4045 1163.94
1239 1474.1 322.147
1240 643.483 871.511
1241 39.4045 1174.28
1242 1474.1 332.485
1243 643.483 881.85
1244 38.1122 1176.86
1245 1472.81 335.07
1246 642.19 884.434
1247 38.1122 1175.57
1248 1472.81 333.778
1249 642.19 883.142
1250 38.1122 1139.39
1251 1472.81 297.593
1252 642.19 846.958

2    0 1
5    3 4
8    6 7
11    9 10
14    12 13
17    15 16
20    18 19
23    21 22
26    24 25
29    27 28
32    30 31
35    33 34
38    36 37
41    39 40
44    42 43
47    45 46
50    48 49
53    51 52
56    54 55
59    57 58
62    60 61
65    63 64
68    66 67
71    69 70
74    72 73
77    75 76
80    78 79
83    81 82
86    84 85
89    87 88
92    90 91
95    93 94
98    96 97
101    99 100
104    102 103
107    105 106
110    108 109
113    111 112
116    114 115
119    117 118
122    120 121
125    123 124
128    126 127
131    129 130
134    132 133
137    135 136
140    138 139
143    141 142
146    144 145
149    147 148
152    150 151
155    153 154
158    156 157
161    159 160
164    162 163
167    165 166
170    168 169
173    171 172
176    174 175
179    177 178
182    180 181
185    183 184
188    186 187
191    189 190
194    192 193
197    195 196
200    198 199
203    201 202
206    204 205
209    207 208
212    210 211
215    213 214
218    216 217
221    219 220
224    222 223
227    225 226
230    228 229
233    231 232
236    234 235
239    237 238
242    240 241
245    243 244
248    246 247
251    249 250
254    252 253
257    255 256
260    258 259
263    261 262
266    264 265
269    267 268
272    270 271
275    273 274
278    276 277
281    279 280
284    282 283
287    285 286
290    288 289
293    291 292
296    294 295
299    297 298
302    300 301
305    303 304
308    306 307
311    309 310
314    312 313
317    315 316
320    318 319
323    321 322
326    324 325
329    327 328
332    330 331
335    333 334
338    336 337
341    339 340
344    342 343
347    345 346
350    348 349
353    351 352
356    354 355
359    357 358
362    360 361
365    363 364
368    366 367
371    369 370
374    372 373
377    375 376
380    378 379
383    381 382
386    384 385
389    387 388
392    390 391
395    393 394
398    396 397
401    399 400
404    402 403
407    405 406
410    408 409
413    411 412
416    414 415
419    417 418
422    420 421
425    423 424
428    426 427
431    429 430
434    432 433
437    435 436
440    438 439
443    441 442
446    444 445
449    447 448
452    450 451
455    453 454
458    456 457
461    459 460
464    462 463
467    465 466
470    468 469
473    471 472
476    474 475
479    477 478
482    480 481
485    483 484
488    486 487
491    489 490
494    492 493
497    495 496
500    498 499
503    501 502
506    504 505
509    507 508
512    510 511
515    513 514
518    516 517
521    519 520
524    522 523
527    525 526
530    528 529
533    531 532
536    534 535
539    537 538
542    540 541
545    543 544
548    546 547
551    549 550
554    552 553
557    555 556
560    558 559
563    561 562
566    564 565
569    567 568
572    570 571
575    573 574
578    576 577
581    579 580
584    582 583
587    585 586
590    588 589
593    591 592
596    594 595
599    597 598
602    600 601
605    603 604
608    606 607
611    609 610
614    612 613
617    615 616
620    618 619
623    621 622
626    624 625
629    627 628
632    630 631
635    633 634
638    636 637
641    639 640
644    642 643
647    645 646
650    648 649
653    651 652
656    654 655
659    657 658
662    660 661
665    663 664
668    666 667
671    669 670
674    672 673
677    675 676
680    678 679
683    681 682
686    684 685
689    687 688
692    690 691
695    693 694
698    696 697
701    699 700
704    702 703
707    705 706
710    708 709
713    711 712
716    714 715
719    717 718
722    720 721
725    723 724
728    726 727
731    729 730
736    734 735
739    737 738
742    740 741
745    743 744
748    746 747
751    749 750
754    752 753
757    755 756
760    758 759
763    761 762
766    764 765
769    767 768
772    770 771
775    773 774
778    776 777
781    779 780
784    782 783
787    785 786
790    788 789
793    791 792
796    794 795
799    797 798
802    800 801
805    803 804
808    806 807
811    809 810
814    812 813
817    815 816
820    818 819
823    821 822
826    824 825
829    827 828
832    830 831
835    833 834
838    836 837
841    839 840
844    842 843
847    845 846
850    848 849
853    851 852
856    854 855
859    857 858
862    860 861
865    863 864
868    866 867
871    869 870
874    872 873
877    875 876
880    878 879
883    881 882
886    884 885
889    887 888
892    890 891
895    893 894
898    896 897
901    899 900
904    902 903
907    905 906
910    908 909
913    911 912
916    914 915
919    917 918
922    920 921
925    923 924
928    926 927
931    929 930
934    932 933
937    935 936
940    938 939
943    941 942
946    944 945
949    947 948
952    950 951
955    953 954
958    956 957
961    959 960
964    962 963
967    965 966
970    968 969
973    971 972
976    974 975
979    977 978
982    980 981
985    983 984
988    986 987
991    989 990
994    992 993
997    995 996
1000    998 999
1003    1001 1002
1006    1004 1005
1009    1007 1008
1012    1010 1011
1015    1013 1014
1018    1016 1017
1021    1019 1020
1024    1022 1023
1027    1025 1026
1030    1028 1029
1033    1031 1032
1036    1034 1035
1039    1037 1038
1042    1040 1041
1045    1043 1044
1048    1046 1047
1051    1049 1050
1054    1052 1053
1057    1055 1056
1060    1058 1059
1063    1061 1062
1066    1064 1065
1069    1067 1068
1072    1070 1071
1075    1073 1074
1078    1076 1077
1081    1079 1080
1084    1082 1083
1087    1085 1086
1090    1088 1089
1093    1091 1092
1096    1094 1095
1099    1097 1098
1102    1100 1101
1105    1103 1104
1108    1106 1107
1111    1109 1110
1114    1112 1113
1117    1115 1116
1120    1118 1119
1123    1121 1122
1126    1124 1125
1129    1127 1128
1132    1130 1131
1135    1133 1134
1138    1136 1137
1141    1139 1140
1144    1142 1143
1147    1145 1146
1150    1148 1149
1153    1151 1152
1156    1154 1155
1159    1157 1158
1162    1160 1161
1165    1163 1164
1168    1166 1167
1171    1169 1170
1174    1172 1173
1177    1175 1176
1180    1178 1179
1183    1181 1182
1186    1184 1185
1189    1187 1188
1192    1190 1191
1195    1193 1194
1198    1196 1197
1201    1199 1200
1204    1202 1203
1207    1205 1206
1210    1208 1209
1213    1211 1212
1216    1214 1215
1219    1217 1218
1222    1220 1221
1225    1223 1224
1228    1226 1227
1231    1229 1230
1234    1232 1233
1237    1235 1236
1240    1238 1239
1243    1241 1242
1246    1244 1245
1249    1247 1248
1252    1250 1251