42657a6965724375727665456469746f722046696c65
256
0 100 60
1 100 280
2 100 160
3 120 180
4 160 180
5 140 180
6 120 180
7 120 260
8 130 220
9 120 160
10 160 160
11 140 160
12 100 60
13 200 80
14 160 60
15 100 280
16 200 260
17 160 280
18 120 80
19 180 100
20 160 80
21 120 260
22 180 240
23 160 260
24 160 160
25 180 100
26 220 140
27 160 180
28 180 240
29 220 200
30 200 160
31 200 80
32 240 120
33 200 260
34 200 180
35 240 220
36 280 280
37 280 60
38 300 160
39 300 80
40 300 260
41 300 80
42 380 80
43 340 100
44 280 60
45 380 60
46 340 80
47 280 280
48 380 280
49 340 260
50 300 260
51 380 260
52 340 240
53 380 60
54 380 80
55 400 70
56 380 280
57 380 260
58 400 270
59 300 260
60 300 180
61 320 220
62 300 80
63 300 160
64 320 120
65 300 160
66 380 160
67 340 150
68 300 180
69 380 180
70 340 190
71 380 160
72 380 180
73 400 170
74 440 60
75 580 60
76 490 70
77 420 280
78 560 280
79 500 270
80 440 260
81 560 260
82 500 250
83 440 80
84 540 80
85 490 90
86 420 280
87 540 80
88 370 290
89 440 260
90 580 60
91 510 180
92 600 280
93 600 60
94 590 220
95 620 60
96 620 280
97 630 120
98 600 60
99 620 60
100 600 60
101 600 280
102 620 280
103 620 280
104 660 280
105 660 60
106 760 160
107 720 150
108 680 180
109 760 180
110 720 190
111 660 280
112 760 280
113 720 260
114 760 280
115 760 260
116 750 270
117 680 260
118 760 260
119 701.5 237
120 680 260
121 680 180
122 700 220
123 680 80
124 660 60
125 760 60
126 720 80
127 680 80
128 760 80
129 717.5 94
130 760 80
131 760 60
132 750 70
133 760 180
134 760 160
135 770 170
136 680 180
137 660 280
138 660 60
139 680 160
140 700 120
141 800 280
142 800 60
143 820 180
144 820 280
145 830 160
146 840 220
147 840 160
148 880 280
149 920 200
150 900 280
151 860 150
152 940 180
153 860 150
154 920 60
155 940 140
156 800 60
157 920 60
158 860 70
159 820 80
160 900 80
161 860 90
162 830 130
163 900 80
164 900 140
165 830 130
166 820 80
167 830 100
168 800 280
169 820 280
170 800 280
171 880 280
172 900 280
173 900 280
174 830 160
175 840 160
176 840 160
177 440 80
178 440 60
179 440 60
180 560 280
181 560 260
182 560 260
183 60 460
184 120 370
185 70 410
186 120 370
187 200 380
188 180 320
189 60 460
190 120 520
191 60 520
192 260 360
193 390 360
194 130 720
195 340 520
196 520 380
197 440 340
198 560 380
199 560 520
200 580 440
201 560 520
202 680 360
203 627.224 496.843
204 700 400
205 840 380
206 767.097 453.646
207 700 400
208 840 380
209 760 340
210 700 400
211 840 520
212 620 540
213 880 520
214 980 480
215 960 540
216 900 380
217 1020 380
218 960 340
219 900 380
220 980 480
221 980 440
222 200 180
223 200 160
224 190 170
225 130 570
226 120 160
227 120 80
228 130 120
229 20 600
230 240 600
231 80 640
232 240 600
233 380 620
234 380 560
235 380 620
236 700 620
237 360 700
238 700 620
239 840 660
240 800 600
241 840 660
242 1060 660
243 900 740
244 20 670
245 380 710
246 170 630
247 380 710
248 1090 710
249 650 760
250 20 570
251 450 590
252 420 510
253 450 590
254 1040 600
255 740 550

2    0 1
5    3 4
8    6 7
11    9 10
14    12 13
17    15 16
20    18 19
23    21 22
26    24 25
29    27 28
32    30 31
35    33 34
38    36 37
43    41 42
46    44 45
49    47 48
52    50 51
55    53 54
58    56 57
61    59 60
64    62 63
67    65 66
70    68 69
73    71 72
76    74 75
79    77 78
82    80 81
85    83 84
88    86 87
91    89 90
94    92 93
97    95 96
100    98 99
103    101 102
107    106 139
110    108 109
113    111 112
116    114 115
119    117 118
122    120 121
126    124 125
129    127 128
132    130 131
135    133 134
139    137 138
140    139 123
143    141 142
146    144 145
149    147 148
152    150 151
155    153 154
158    156 157
161    159 160
164    162 163
167    165 166
170    168 169
173    171 172
176    174 175
179    177 178
182    180 181
185    183 184
188    186 187
191    189 190
194    192 193
197    195 196
200    198 199
203    201 202
206    204 205
209    207 208
212    210 211
215    213 214
218    216 217
221    219 220
224    222 223
228    226 227
231    229 230
234    232 233
237    235 236
240    238 239
243    241 242
246    244 245
249    247 248
252    250 251
255    253 254