42657a6965724375727665456469746f722046696c65
211
0 0 280
1 195.371 299.899
2 80 280
3 195.371 299.899
4 520 400
5 480 360
6 520 400
7 680 440
8 592 438
9 680 440
10 800 360
11 760 360
12 800 360
13 840 440
14 815 391
15 840 440
16 1080 440
17 1000 440
18 1080 440
19 1120 400
20 1120 400
21 1120 400
22 1160 440
23 1160 440
24 1160 440
25 1200 400
26 1200 400
27 1200 400
28 1240 440
29 1240 440
30 1240 440
31 1360 520
32 1280 480
33 1360 520
34 1720 600
35 1480 600
36 1800 640
37 2160 680
38 2000 680
39 1720 600
40 1720 760
41 1720 720
42 1720 760
43 1800 760
44 1760 760
45 1800 760
46 1800 640
47 1800 720
48 2160 680
49 2280 600
50 2200 600
51 2280 600
52 2400 560
53 2400 600
54 2400 560
55 2480 600
56 2480 480
57 2480 440
58 2600 680
59 2600 520
60 2480 600
61 2480 760
62 2600 680
63 2600 760
64 2400 840
65 2400 680
66 2240 760
67 2400 840
68 2600 960
69 2480 880
70 2600 960
71 2760 1000
72 2680 1000
73 2760 1000
74 3000 1000
75 2880 1000
76 3000 1000
77 3120 1080
78 3120 1000
79 3120 1080
80 3120 1280
81 3120 1160
82 3120 1280
83 3240 1480
84 3120 1440
85 3240 1480
86 3400 1560
87 3320 1520
88 3400 1560
89 3600 1520
90 3520 1600
91 3600 1520
92 3720 1440
93 3720 1440
94 3720 1440
95 3720 1600
96 3760 1560
97 3813.37 1418.97
98 4120 1360
99 3927.43 1391.91
100 4120 1360
101 4360 1320
102 4280 1320
103 4360 1320
104 4600 1320
105 4480 1320
106 3813.37 1418.97
107 4000 1640
108 4120 1440
109 3760 1640
110 3800 1600
111 3780 1620
112 3720 1600
113 3760 1640
114 3740 1620
115 3800 1600
116 3840 1640
117 3820 1620
118 3840 1640
119 3880 1600
120 3860 1620
121 3880 1600
122 3920 1640
123 3900 1620
124 3920 1640
125 3960 1600
126 3940 1620
127 3960 1600
128 4000 1640
129 3980 1620
130 4600 1320
131 4920 1180
132 4896.92 1332.27
133 4920 1180
134 5040 1180
135 4980 1020
136 5040 1180
137 5260 1580
138 5140 1380
139 5260 1580
140 5600 1620
141 5420 1800
142 5600 1620
143 5700 1520
144 5660 1580
145 5700 1520
146 5680 1940
147 5820 1680
148 6020 1940
149 5980 1340
150 5900 1680
151 5980 1340
152 6220 1460
153 6197.2 1363.13
154 5680 1940
155 6020 1940
156 5860 1940
157 6320 1560
158 6560 1700
159 6400 1660
160 6560 1700
161 6640 1620
162 6600 1660
163 6640 1620
164 6700 1580
165 6660 1600
166 6700 1580
167 6780 1560
168 6760 1580
169 6960 1580
170 7020 1520
171 7000 1550
172 6280 1500
173 6340 1480
174 6300 1480
175 6320 1560
176 6340 1480
177 6300 1500
178 6780 1560
179 6790 1590
180 6800 1570
181 6790 1590
182 6830 1600
183 6830 1580
184 6830 1600
185 6870 1570
186 6850 1580
187 6870 1570
188 6890 1590
189 6880 1590
190 6890 1590
191 6910 1580
192 6900 1590
193 6910 1580
194 6930 1600
195 6920 1600
196 6930 1600
197 6960 1580
198 6930 1600
199 7020 1520
200 7150 1470
201 7060 1460
202 7150 1470
203 7260 1470
204 7210 1470
205 6220 1460
206 6200 1520
207 6260 1520
208 6200 1520
209 6280 1500
210 6240 1580

2    0 1
5    3 4
8    6 7
11    9 10
14    12 13
17    15 16
20    18 19
23    21 22
26    24 25
29    27 28
32    30 31
35    33 34
38    36 37
41    39 40
44    42 43
47    45 46
50    48 49
53    51 52
56    54 55
59    57 58
63    61 62
66    64 65
69    67 68
72    70 71
75    73 74
78    76 77
81    79 80
84    82 83
87    85 86
90    88 89
93    91 92
96    94 95
99    97 98
102    100 101
105    103 104
108    106 107
111    109 110
114    112 113
117    115 116
120    118 119
123    121 122
126    124 125
129    127 128
132    130 131
135    133 134
138    136 137
141    139 140
144    142 143
147    145 146
150    148 149
153    151 152
156    154 155
159    157 158
162    160 161
165    163 164
168    166 167
171    169 170
174    172 173
177    175 176
180    178 179
183    181 182
186    184 185
189    187 188
192    190 191
195    193 194
198    196 197
201    199 200
204    202 203
207    205 206
210    208 209